Ward Code | Latitude | Longitude | North | South | East | West
--------------------------------------------------------------------------------

    A
    | 18.920898 |  72.827470 | 18.949065 | 18.893956 |  72.846808 |  72.803538

    B
    | 18.956914 |  72.839788 | 18.965108 | 18.947470 |  72.851061 |  72.831746

    C
    | 18.951118 |  72.827196 | 18.961873 | 18.941465 |  72.833665 |  72.818925

    D
    | 18.956358 |  72.809028 | 18.980489 | 18.939212 |  72.826247 |  72.791557

    E
    | 18.973388 |  72.842647 | 18.988498 | 18.961671 |  72.855905 |  72.818726

    F/N
    | 19.031776 |  72.870559 | 19.052585 | 19.004451 |  72.884978 |  72.842840

    F/S
    | 18.998624 |  72.853983 | 19.016966 | 18.978369 |  72.870989 |  72.833020

    G/N
    | 19.032810 |  72.845582 | 19.052374 | 19.009112 |  72.867377 |  72.829869

    G/S
    | 19.004523 |  72.820155 | 19.026879 | 18.978054 |  72.837516 |  72.805826

    H/E
    | 19.078290 |  72.859627 | 19.094425 | 19.050931 |  72.875903 |  72.839124

    H/W
    | 19.062496 |  72.828036 | 19.090568 | 19.040849 |  72.842762 |  72.817183

    K/E
    | 19.101630 |  72.866128 | 19.143562 | 19.081681 |  72.890673 |  72.842762

    K/W
    | 19.126846 |  72.819789 | 19.156535 | 19.079903 |  72.849890 |  72.787190

    L
    | 19.088023 |  72.885883 | 19.129178 | 19.047554 |  72.908010 |  72.863558

    M/E
    | 19.043203 |  72.929863 | 19.076006 | 18.993989 |  72.961936 |  72.893886

    M/W
    | 19.037863 |  72.889412 | 19.073644 | 18.991648 |  72.912373 |  72.877280

    N
    | 19.087976 |  72.929394 | 19.117047 | 19.056436 |  72.962396 |  72.891062

    P/N
    | 19.188211 |  72.832711 | 19.225610 | 19.138628 |  72.900267 |  72.780084

    P/S
    | 19.133594 |  72.781897 | 19.135250 | 19.132478 |  72.783575 |  72.780421

    R/C
    | 19.232419 |  72.833156 | 19.264790 | 19.198399 |  72.910975 |  72.776333

    R/N
    | 19.254788 |  72.866110 | 19.270177 | 19.237227 |  72.893583 |  72.834964

    R/S
    | 19.199814 |  72.856217 | 19.217323 | 19.185102 |  72.902395 |  72.803386

    S
    | 19.131661 |  72.927391 | 19.167221 | 19.102424 |  72.971990 |  72.884215

    T
    | 19.163871 |  72.944153 | 19.216933 | 19.131661 |  72.980645 |  72.889413
